READ SERR 1 2
@zpup_640_grp20_Martins_HeII1_norm1frozen.pco
!
28.0000038 0.700000226 2.10906001E-4 3.35673365E-4 2.64044211E-4
26.6900024 0.610000491 2.42023176E-4 3.60584963E-4 3.63008643E-4
25.6250019 0.454999775 3.24471039E-4 4.20564815E-4 2.21756054E-4
25.0500031 0.120000042 1.23028492E-3 8.79026193E-4 4.69553779E-4
24.9050026 2.49998719E-2 6.49594003E-3 2.5149521E-3 3.83382337E-3
24.8650017 1.50003852E-2 1.03341322E-2 3.66329518E-3 9.12858732E-3
24.8375015 1.24997497E-2 1.24015249E-2 4.23973193E-3 1.5453089E-2
24.8150024 1.00000454E-2 1.55015253E-2 5.07528475E-3 2.20103934E-2
24.7900028 1.50001394E-2 9.84219182E-3 3.63993924E-3 2.92390101E-2
24.7675018 7.4993656E-3 2.46077888E-2 6.84017129E-3 3.4024898E-2
24.7475033 1.24998642E-2 1.35824988E-2 4.36417805E-3 3.58055532E-2
24.7200031 1.50000071E-2 1.03343921E-2 3.67231225E-3 3.43775414E-2
24.6950035 1.00003127E-2 1.62392594E-2 5.16274571E-3 2.91831754E-2
24.6750031 1.00002196E-2 1.47631001E-2 4.98207146E-3 2.31724046E-2
24.6550026 1.00000873E-2 1.47632957E-2 4.97623859E-3 1.70137454E-2
24.6225014 2.25006491E-2 6.88939914E-3 2.69757537E-3 8.86676461E-3
24.3500004 0.249999896 5.90537267E-4 5.80288295E-4 5.14808053E-4
23.880003 0.219998866 6.71068206E-4 6.22072606E-4 4.74621629E-4
23.4275017 0.232500866 6.34983648E-4 6.03954191E-4 3.39277845E-4
22.3625011 0.832500219 1.95958908E-3 3.48262722E-4 7.25037302E-4
21.5050011 2.49995552E-2 5.905475E-3 2.46858248E-3 2.17900309E-3
21.3675022 0.11250037 1.3123001E-3 9.11777955E-4 4.52635868E-4
21.1050014 0.14999935 9.8423264E-4 7.72208383E-4 6.79456047E-4
20.9050026 5.00000529E-2 3.24795023E-3 1.54537568E-3 7.73669081E-3
20.8325024 2.2500705E-2 7.2174482E-3 2.72948411E-3 7.49110663E-3
20.5975018 0.212499589 6.9475075E-4 6.32936019E-4 7.16131937E-4
20.1400032 0.244999722 6.02589455E-4 5.86768845E-4 3.29429662E-4
19.817503 7.75000975E-2 1.9049556E-3 1.14457274E-3 4.86289151E-3
19.6525021 8.75005201E-2 1.68723846E-3 1.06171868E-3 1.18538621E-3
19.4475021 0.117499545 1.25646649E-3 8.9140574E-4 1.56430656E-3
19.2500019 8.00002888E-2 1.8454215E-3 1.12712046E-3 2.1618458E-3
19.1000023 7.00003132E-2 2.21450371E-3 1.22815708E-3 2.8624956E-3
19.0150013 1.50000202E-2 1.1318611E-2 3.75384325E-3 7.35991681E-3
18.9900017 9.99974459E-3 1.55019928E-2 5.0901426E-3 1.08578941E-2
18.9650021 1.49999131E-2 1.57477446E-2 4.14039847E-3 1.46827372E-2
18.9425011 7.50028715E-3 2.46047657E-2 6.8341312E-3 1.64459683E-2
18.9275017 7.49960821E-3 2.46069934E-2 6.83640083E-3 1.58589873E-2
18.9125023 7.49976328E-3 2.75592618E-2 7.09568243E-3 1.42028686E-2
18.8950024 1.00003518E-2 1.55010503E-2 5.07255038E-3 1.14835165E-2
18.8750019 9.99974553E-3 1.99311301E-2 5.50831528E-3 8.4559992E-3
18.8425026 2.25002877E-2 6.56143809E-3 2.65001389E-3 5.23322448E-3
18.7450008 7.49999136E-2 1.96845899E-3 1.17287389E-3 2.43481155E-3
18.6300011 3.99999954E-2 3.69085651E-3 1.76595384E-3 2.85190786E-3
18.567503 2.24996582E-2 7.21778395E-3 2.72792275E-3 3.11549613E-3
18.4975014 4.75003347E-2 3.10806744E-3 1.57150649E-3 1.84825924E-3
18.3650017 8.50003436E-2 1.73686643E-3 1.08235865E-3 9.64862003E-4
18.1775017 0.102499858 1.44033611E-3 9.65426734E-4 9.98423086E-4
17.9875011 8.74996483E-2 1.68725522E-3 1.06597994E-3 1.03615515E-3
17.8225021 7.75005147E-2 1.90494535E-3 1.14598183E-3 1.46212801E-3
17.6975002 4.74998914E-2 3.10809654E-3 1.57426449E-3 2.25357991E-3
17.6050014 4.49999012E-2 3.44480667E-3 1.6518893E-3 3.30628944E-3
17.5300007 3.00000627E-2 5.16718766E-3 2.1855603E-3 2.55298149E-3
17.4625015 3.75002101E-2 3.93689144E-3 1.83731201E-3 2.10688566E-3
17.3825016 4.2499885E-2 3.6474443E-3 1.70239282E-3 2.57199141E-3
17.2875023 5.24994396E-2 2.81211105E-3 1.47351401E-3 2.13280553E-3
17.1950016 4.00002897E-2 3.87537107E-3 1.76961336E-3 5.40339481E-3
17.1425018 1.24999154E-2 1.2401361E-2 4.24459344E-3 2.01332252E-2
17.1175022 1.25001073E-2 1.59443617E-2 4.58094338E-3 3.96019034E-2
17.0975018 7.50025781E-3 2.65732519E-2 7.02638505E-3 6.01505823E-2
17.0825024 7.49972882E-3 2.65751258E-2 7.02476362E-3 7.5787276E-2
17.0675011 7.49986805E-3 2.8543124E-2 7.19531579E-3 8.86334106E-2
17.0550022 5.00051538E-3 3.09999976E-2 9.03751422E-3 9.56041515E-2
17.045002 4.99954168E-3 4.57708128E-2 1.05050756E-2 9.77731124E-2
17.0350018 4.99995518E-3 3.98616046E-2 9.96717066E-3 9.66680869E-2
17.0250015 5.00035705E-3 3.83821651E-2 9.8192282E-3 9.24352407E-2
17.0175018 2.49971659E-3 6.20134138E-2 1.6724987E-2 8.75213295E-2
17.0100021 4.99989558E-3 3.69093306E-2 9.68771242E-3 8.1128411E-2
17.0000019 5.00027044E-3 3.83828282E-2 9.8193977E-3 7.12437928E-2
16.9900017 4.99994028E-3 3.54326405E-2 9.52239987E-3 6.04318306E-2
16.9775009 7.49996351E-3 2.06688959E-2 6.4367624E-3 4.68601994E-2
16.9625015 7.49985734E-3 1.96849406E-2 6.33005472E-3 3.22612524E-2
16.9250011 3.0000424E-2 4.92107216E-3 2.16226722E-3 1.1554067E-2
16.8600006 3.49995233E-2 5.27272327E-3 2.01490242E-3 7.65981711E-3
16.8125019 1.25002535E-2 1.41725997E-2 4.3978882E-3 2.39425171E-2
16.7925014 7.50007993E-3 1.96843557E-2 6.34661643E-3 3.55484597E-2
16.7775021 7.50021869E-3 2.55891886E-2 6.92773098E-3 4.38931398E-2
16.7650013 4.9994546E-3 3.24830748E-2 9.24570765E-3 4.93999198E-2
16.7550011 5.00024064E-3 3.24779712E-2 9.24425479E-3 5.1394593E-2
16.7450027 4.99966554E-3 3.83874699E-2 9.81263164E-3 5.0957635E-2
16.7350025 5.00042783E-3 3.98578383E-2 9.95582622E-3 4.83359955E-2
16.7250023 4.99983225E-3 4.28153686E-2 1.02395583E-2 4.39507216E-2
16.7150021 4.99989977E-3 2.95274425E-2 8.93182587E-3 3.83344851E-2
16.7050018 4.99995612E-3 3.83852422E-2 9.8200161E-3 3.21472622E-2
16.6925011 7.50009948E-3 2.16527358E-2 6.55088294E-3 2.45757028E-2
16.6750011 1.00001162E-2 1.47632537E-2 5.00623416E-3 1.5801236E-2
16.6375008 2.75001284E-2 5.36849303E-3 2.30981852E-3 7.09053967E-3
16.5675011 4.24999781E-2 3.47374892E-3 1.70087279E-3 5.21363504E-3
16.4700012 5.49998619E-2 2.68426584E-3 1.43089879E-3 3.0954876E-3
16.3775024 3.74999829E-2 4.13376093E-3 1.86927186E-3 3.15708877E-3
16.3025017 3.75003628E-2 4.13371902E-3 1.86746544E-3 4.61506285E-3
16.2225018 4.24999818E-2 3.47374869E-3 1.70087267E-3 4.44595562E-3
16.147501 3.24999951E-2 4.99685248E-3 2.0719883E-3 5.68055362E-3
16.1000004 1.49997314E-2 1.0334583E-2 3.64631391E-3 8.92709009E-3
16.0750008 1.00002652E-2 1.4763033E-2 4.99965623E-3 1.20058563E-2
16.0525017 1.24994274E-2 1.29924091E-2 4.29979386E-3 1.51307508E-2
16.0275021 1.2500043E-2 1.53539088E-2 4.53175232E-3 1.8230021E-2
16.0050011 1.00001805E-2 1.9192107E-2 5.44817699E-3 2.00072471E-2
15.9850016 1.00003844E-2 1.4762857E-2 4.98483237E-3 2.0035997E-2
15.9675016 7.49950437E-3 2.75602136E-2 7.11308373E-3 1.8421758E-2
15.9525023 7.50010228E-3 2.16527283E-2 6.53578294E-3 1.60260927E-2
15.9325018 1.24999601E-2 1.24013163E-2 4.22685314E-3 1.23275789E-2
15.9025021 1.75001081E-2 8.4361909E-3 3.21169663E-3 8.06386583E-3
15.8675013 1.75000206E-2 9.27985646E-3 3.30527918E-3 6.51554763E-3
15.8300009 2.00002473E-2 8.85794498E-3 3.04684439E-3 7.11332727E-3
15.7925014 1.7499838E-2 8.43632035E-3 3.23465862E-3 7.37229548E-3
15.7525015 2.24996973E-2 6.56161038E-3 2.66993674E-3 6.86476007E-3
15.6975021 3.25001888E-2 4.5425659E-3 2.03359127E-3 6.56917784E-3
15.6425018 2.25000512E-2 6.56150747E-3 2.66400632E-3 9.18678194E-3
15.607502 1.24999266E-2 1.29918903E-2 4.30519879E-3 1.09050907E-2
15.5750017 2.0000156E-2 8.85798596E-3 3.03996215E-3 1.01772835E-2
15.5375013 1.7499825E-2 8.43632687E-3 3.20920162E-3 9.39213671E-3
15.5025015 1.75002161E-2 8.85794591E-3 3.27003957E-3 1.32999662E-2
15.4700012 1.49999009E-2 1.03344657E-2 3.68124875E-3 2.02497672E-2
15.4425011 1.25001352E-2 1.53537961E-2 4.52460535E-3 2.54396815E-2
15.420001 9.99979675E-3 2.36219596E-2 5.82460966E-3 2.71869097E-2
15.397501 1.25003345E-2 1.18104238E-2 4.171459E-3 2.601468E-2
15.3775015 7.49948947E-3 1.96859054E-2 6.31598523E-3 2.32835803E-2
15.3625021 7.5001833E-3 1.96840856E-2 6.34255912E-3 2.07405277E-2
15.3450012 1.00001115E-2 1.84540749E-2 5.33653144E-3 1.82655472E-2
15.3250017 1.00000296E-2 1.69778895E-2 5.22197364E-3 1.75683517E-2
15.3100014 4.9998113E-3 2.95279641E-2 8.93371925E-3 1.94863752E-2
15.2975016 7.49984989E-3 3.2480184E-2 7.54109211E-3 2.30562259E-2
15.2850018 5.00034355E-3 3.39535438E-2 9.39440168E-3 2.72534527E-2
15.2750015 4.99997195E-3 3.39560658E-2 9.39237978E-3 3.07046063E-2
15.2650013 5.0001489E-3 3.69074605E-2 9.68722161E-3 3.42760682E-2
15.2550011 4.99975309E-3 3.24811377E-2 9.24515538E-3 3.77235226E-2
15.2450018 4.99990443E-3 3.98620069E-2 9.96931177E-3 4.04019132E-2
15.2350016 5.00004226E-3 5.01952209E-2 1.08780153E-2 4.15539108E-2
15.2250013 5.00016659E-3 5.46228513E-2 1.12466598E-2 4.06053253E-2
15.2175016 2.49984744E-3 6.20101653E-2 1.67241115E-2 3.87166366E-2
15.210001 5.00032818E-3 5.01923487E-2 1.08828042E-2 3.60103138E-2
15.2000008 4.99986438E-3 4.57678586E-2 1.04996087E-2 3.17883603E-2
15.1900015 4.99994308E-3 3.69089805E-2 9.68053751E-3 2.73038074E-2
15.1800013 5.0000092E-3 4.42901962E-2 1.03729544E-2 2.30158921E-2
15.1675014 7.50010787E-3 2.06684973E-2 6.42357208E-3 1.84205715E-2
15.1500015 9.99969896E-3 1.84548348E-2 5.37728146E-3 1.36513812E-2
15.1300011 1.00002773E-2 1.69774685E-2 5.22285607E-3 1.04053412E-2
15.1100016 9.99965053E-3 1.47639411E-2 5.01112361E-3 9.6979551E-3
15.0875015 1.24999797E-2 1.5353987E-2 4.5317756E-3 1.38903018E-2
15.067502 7.50031136E-3 2.95256227E-2 7.28996238E-3 2.43076067E-2
15.0525007 7.50009017E-3 2.65738461E-2 7.02654198E-3 3.88458408E-2
15.0400019 4.99955332E-3 3.83883342E-2 9.82965715E-3 5.4867655E-2
15.0300016 5.00050932E-3 3.98571864E-2 9.96606611E-3 6.8884775E-2
15.022501 2.49965885E-3 5.90617582E-2 1.64050441E-2 7.92875141E-2
15.0150013 5.00028767E-3 5.90502992E-2 1.1585203E-2 8.83868709E-2
15.0075006 2.50008306E-3 7.08620846E-2 1.76415201E-2 9.57527757E-2
15.000001 4.99949651E-3 6.64421022E-2 1.21514658E-2 0.100008532
14.9925013 2.50049098E-3 6.49463087E-2 1.703275E-2 0.100830294
14.9875011 2.49990332E-3 0.103347972 2.06079707E-2 9.90266353E-2
14.982501 2.49985442E-3 5.90571389E-2 1.64037608E-2 9.57480296E-2
14.9775019 2.4998039E-3 0.100399166 2.03601029E-2 9.14373994E-2
14.9725018 2.50029052E-3 8.85702595E-2 1.93238687E-2 8.63755196E-2
14.9675016 2.49969796E-3 8.56382102E-2 1.9059984E-2 8.08369741E-2
14.9600019 5.00030397E-3 5.60976043E-2 1.13636497E-2 7.20504448E-2
14.9525013 2.50006421E-3 7.38152266E-2 1.79354642E-2 6.31595403E-2
14.9475012 2.50000367E-3 6.20062947E-2 1.67230666E-2 5.70840165E-2
14.9400015 4.99981921E-3 3.39571051E-2 9.38715506E-3 4.7700908E-2
14.9250011 9.99991316E-3 1.84544418E-2 5.36604924E-3 3.07042971E-2
14.8775015 3.75000276E-2 4.13375627E-3 1.86437275E-3 9.28011443E-3
14.8100014 2.9999895E-2 5.41327475E-3 2.2061253E-3 4.64440789E-3
14.7600012 2.00004391E-2 7.38155004E-3 2.91241892E-3 4.58469708E-3
14.710001 2.9999746E-2 5.41330175E-3 2.19550962E-3 4.81922505E-3
14.6550016 2.50001028E-2 6.20061299E-3 2.4885335E-3 6.03722036E-3
14.6100016 1.99997835E-2 7.75088184E-3 2.95408652E-3 6.44032657E-3
14.5700016 2.00001299E-2 7.75074773E-3 2.94976775E-3 7.35224038E-3
14.5350008 1.50001133E-2 1.03343194E-2 3.66851548E-3 8.23281426E-3
14.5050011 1.49999559E-2 1.0826543E-2 3.73207801E-3 8.02742038E-3
14.4725008 1.74999814E-2 9.27987695E-3 3.31215351E-3 7.27978488E-3
14.4150009 4.00000885E-2 3.87539016E-3 1.76641205E-3 7.71211646E-3
14.3525009 2.24996731E-2 7.21777882E-3 2.72960914E-3 9.10298433E-3
14.295001 3.50002386E-2 4.63990169E-3 1.97805371E-3 7.05015007E-3
14.2425013 1.75001267E-2 9.27979965E-3 3.30847199E-3 1.0650794E-2
14.2150011 9.99980513E-3 1.55018987E-2 5.04772458E-3 1.56614799E-2
14.1925011 1.24999164E-2 1.18108187E-2 4.17811563E-3 1.84572507E-2
14.1725016 7.49997795E-3 2.16530878E-2 6.54783193E-3 1.79691706E-2
14.1575012 7.50000961E-3 2.16529947E-2 6.53102109E-3 1.5290984E-2
14.1300011 2.0000115E-2 9.22708679E-3 3.07391793E-3 1.04166791E-2
14.085001 2.50001661E-2 5.90533065E-3 2.46438757E-3 7.18410639E-3
14.0475006 1.25000468E-2 1.18106958E-2 4.19431599E-3 8.48541129E-3
14.0200014 1.4999683E-2 1.13188652E-2 3.77730769E-3 8.49080831E-3
13.9800014 2.49999445E-2 5.9053828E-3 2.4708088E-3 6.63541351E-3
13.9325018 2.25001834E-2 6.8895421E-3 2.67737056E-3 6.37069065E-3
13.8900013 1.9999845E-2 7.75085809E-3 2.94317771E-3 8.22262466E-3
13.8550014 1.50003023E-2 1.08262934E-2 3.71440127E-3 1.19909598E-2
13.8325014 7.49996351E-3 2.26373617E-2 6.60094852E-3 1.62636284E-2
13.6175013 0.207499847 4.08751518E-2 1.54598383E-3 3.16024609E-2
13.4075012 2.50010286E-3 0.109244846 2.1093417E-2 5.99483959E-2
13.4025011 2.49996549E-3 7.67708644E-2 1.82243399E-2 5.59163839E-2
13.397501 2.49982649E-3 7.08693564E-2 1.76433306E-2 5.14876842E-2
13.3900013 5.00009023E-3 4.42894772E-2 1.03518981E-2 4.44698073E-2
13.3800011 4.99993982E-3 5.0196249E-2 1.08836498E-2 3.52337286E-2
13.3675013 7.50029041E-3 2.16521844E-2 6.53561857E-3 2.52378248E-2
13.3425007 1.75000113E-2 8.85804929E-3 3.2364002E-3 1.32991299E-2
13.3000011 2.49996185E-2 6.20073313E-3 2.50336947E-3 7.14214006E-3
13.2375011 3.75001989E-2 3.93689238E-3 1.8537963E-3 5.91060426E-3
13.170001 2.99999248E-2 4.92115365E-3 2.16057501E-3 6.84818719E-3
13.1175013 2.25000568E-2 6.56150514E-3 2.66641704E-3 7.77888624E-3
13.0700006 2.50002146E-2 5.90531901E-3 2.46110908E-3 6.56943396E-3
13.0150013 2.99998783E-2 5.41327754E-3 2.20296462E-3 6.67310692E-3
12.9575014 2.75000092E-2 5.36851631E-3 2.30135466E-3 7.7318321E-3
12.9100008 1.99998748E-2 7.75084645E-3 2.9279117E-3 8.75493046E-3
12.8700018 1.99999548E-2 7.75081525E-3 2.95832264E-3 1.11589376E-2
12.835001 1.50001794E-2 1.03342738E-2 3.6503931E-3 1.38599845E-2
12.812501 7.50006502E-3 2.4605494E-2 6.82621077E-3 1.38168382E-2
12.7900009 1.49997743E-2 1.03345523E-2 3.67734907E-3 1.16191609E-2
12.7550011 1.99999977E-2 8.11988488E-3 2.98278243E-3 8.24065786E-3
12.710001 2.50002574E-2 5.90530923E-3 2.46161688E-3 7.6027452E-3
12.670001 1.49997678E-2 1.1318801E-2 3.75823118E-3 9.15679336E-3
12.6450014 1.00002727E-2 1.6977476E-2 5.21934032E-3 9.66600515E-3
12.6225014 1.24996463E-2 1.24016274E-2 4.23976686E-3 8.99261143E-3
12.5975018 1.25001539E-2 1.3582183E-2 4.37030708E-3 8.29593092E-3
12.5700006 1.50001608E-2 1.23027228E-2 3.84061947E-3 9.03600827E-3
12.545001 9.99971945E-3 1.55020319E-2 5.06091677E-3 1.07685318E-2
12.5250015 1.00002894E-2 1.47629976E-2 5.00331679E-3 1.17525831E-2
12.5025015 1.24998223E-2 1.29919983E-2 4.31419117E-3 1.18597038E-2
12.4700012 2.00002007E-2 8.11980199E-3 2.98808934E-3 1.30487466E-2
12.4400015 9.99967568E-3 1.77166853E-2 5.31069236E-3 1.75790135E-2
12.4175014 1.25001892E-2 1.41726732E-2 4.42581018E-3 2.10120529E-2
12.397501 7.50013953E-3 2.460525E-2 6.84200507E-3 2.14493256E-2
12.3800011 9.99996997E-3 1.84543375E-2 5.3574238E-3 1.93793774E-2
12.357501 1.25000793E-2 1.2991732E-2 4.30630893E-3 1.5800463E-2
12.3325005 1.2500003E-2 1.24012735E-2 4.21615457E-3 1.45152016E-2
12.3075008 1.24996221E-2 1.35827614E-2 4.3596928E-3 2.05896571E-2
12.2850018 1.00001758E-2 1.84539557E-2 5.36886696E-3 3.33823189E-2
12.2675009 7.50030437E-3 2.75572743E-2 7.1162302E-3 4.41832542E-2
12.2550011 4.99988673E-3 3.54330242E-2 9.54198744E-3 4.88064848E-2
12.2425003 7.50002824E-3 2.75582895E-2 7.10757682E-3 4.85184714E-2
12.2300014 4.99964226E-3 2.95289643E-2 8.92701931E-3 4.37712856E-2
12.2200012 5.00008417E-3 3.69079411E-2 9.68734641E-3 3.73788252E-2
12.2075014 7.50019122E-3 2.65734866E-2 7.02644698E-3 2.97795162E-2
12.1925011 7.49963755E-3 2.75597237E-2 7.11798435E-3 2.56582443E-2
12.1800013 5.00021083E-3 3.83832827E-2 9.8010255E-3 2.81323474E-2
12.170001 4.99983598E-3 3.69097702E-2 9.68074519E-3 3.5188593E-2
12.1600018 5.00015309E-3 5.0194107E-2 1.08811669E-2 4.67048362E-2
12.1525011 2.4998337E-3 6.2010508E-2 1.67242028E-2 5.77080362E-2
12.1475019 2.49990541E-3 6.7914322E-2 1.73429474E-2 6.59048632E-2
12.1425018 2.49997433E-3 9.7439602E-2 2.01064404E-2 7.44129568E-2
12.1375017 2.50004069E-3 7.67685622E-2 1.82237942E-2 8.29311609E-2
12.1325016 2.50010425E-3 0.106292233 2.08515171E-2 9.11471993E-2
12.1275015 2.50016502E-3 0.112194628 2.13315934E-2 9.8669298E-2
12.1225014 2.500223E-3 0.141716227 2.35665832E-2 0.104899719
12.1175013 2.49957293E-3 0.129940331 2.27086805E-2 0.109144598
12.1125011 2.50033196E-3 0.162376121 2.49958597E-2 0.110861316
12.107501 2.49967747E-3 0.153559431 2.44009458E-2 0.110235289
12.1025009 2.50042998E-3 0.15056105 2.41893958E-2 0.107472241
12.0975008 2.4997713E-3 0.150600702 2.41957679E-2 0.102995865
12.0925016 2.49981461E-3 0.159456819 2.48023998E-2 9.69790444E-2
12.0875015 2.49985512E-3 0.129925668 2.27061175E-2 8.97435099E-2
12.0825014 2.50059436E-3 9.15114731E-2 1.95855629E-2 8.15882981E-2
12.0775003 2.49992753E-3 9.4488658E-2 1.98507719E-2 7.29354993E-2
12.0725012 2.49996013E-3 8.85819644E-2 1.93264224E-2 6.40916377E-2
12.0675011 2.49998993E-3 6.79120272E-2 1.73423607E-2 5.54323569E-2
12.0600004 5.00005903E-3 2.95265E-2 8.91729165E-3 4.35039438E-2
12.0475016 7.49955E-3 2.55914722E-2 6.92696078E-3 2.77204756E-2
12.0300007 1.00005167E-2 1.47626614E-2 4.98612924E-3 1.47486897E-2
11.9900007 2.99998615E-2 4.92116436E-3 2.15798663E-3 8.34694412E-3
11.937501 2.24999674E-2 6.88960822E-3 2.69215624E-3 8.8528404E-3
11.897501 1.74995866E-2 9.70190857E-3 3.33331595E-3 8.32740869E-3
11.8550014 2.50000153E-2 6.49590278E-3 2.52488325E-3 8.11529532E-3
11.8125019 1.74999721E-2 9.2798816E-3 3.30718374E-3 9.3651237E-3
11.7800016 1.50001859E-2 1.08263772E-2 3.72973457E-3 1.10288681E-2
11.750001 1.50002092E-2 1.03342533E-2 3.67167057E-3 1.26154795E-2
11.7200012 1.49996495E-2 1.03346389E-2 3.6740147E-3 1.17905857E-2
11.6925011 1.25001669E-2 1.29916398E-2 4.30796808E-3 9.43700224E-3
11.6575012 2.25001927E-2 6.88953931E-3 2.6925304E-3 7.53823807E-3
11.625001 9.99987312E-3 1.77163333E-2 5.30911423E-3 7.39160832E-3
11.6050014 9.99980979E-3 1.47637054E-2 4.99988347E-3 8.58496595E-3
11.5900011 5.00022946E-3 3.10017709E-2 9.070253E-3 1.08997077E-2
11.5775013 7.49995979E-3 2.26373728E-2 6.64683711E-3 1.4494054E-2
11.5650015 4.99989977E-3 3.10038123E-2 9.08735767E-3 1.95295569E-2
11.5550013 5.00024343E-3 2.95254122E-2 8.92594643E-3 2.45734658E-2
11.545001 4.99992212E-3 2.95273084E-2 8.90449062E-3 2.98368949E-2
11.5350008 5.00021921E-3 3.54306661E-2 9.54260863E-3 3.35605778E-2
11.5250006 4.9998546E-3 3.24804783E-2 9.22061689E-3 3.52483578E-2
11.5175009 2.49986374E-3 5.90569191E-2 1.64036993E-2 3.53271216E-2
11.5100012 5.00022294E-3 3.83831896E-2 9.82505176E-3 3.40892524E-2
11.500001 4.99980338E-3 3.39572094E-2 9.38718393E-3 3.09565552E-2
11.4900007 4.99999756E-3 3.10032051E-2 9.08717979E-3 2.67656129E-2
11.4775009 7.50015071E-3 2.36210041E-2 6.74587488E-3 2.1593025E-2
11.4550009 1.50001934E-2 1.13184797E-2 3.77125223E-3 1.6531514E-2
11.4300013 9.99945495E-3 1.55024417E-2 5.06626302E-3 1.59377046E-2
11.4125013 7.49997096E-3 2.06688736E-2 6.4455783E-3 1.66012142E-2
11.3925018 1.2500261E-2 1.2991542E-2 4.30772826E-3 1.57594085E-2
11.3675013 1.25001259E-2 1.18106212E-2 4.17531887E-3 1.32227195E-2
11.3425016 1.24996323E-2 1.24016423E-2 4.24468983E-3 1.37451179E-2
11.317502 1.25000114E-2 1.35823386E-2 4.36070561E-3 1.78795308E-2
11.295001 1.00001572E-2 1.77158322E-2 5.31043671E-3 2.22870335E-2
11.272501 1.25003764E-2 1.94871332E-2 4.85479971E-3 2.80849747E-2
11.2525005 7.49993697E-3 2.65743881E-2 7.0086373E-3 3.41098569E-2
11.2400007 4.99978941E-3 3.69101167E-2 9.65076592E-3 3.61469053E-2
11.2300014 4.99999151E-3 3.39559354E-2 9.39506292E-3 3.55214328E-2
11.2175007 7.49993417E-3 2.36216877E-2 6.73448062E-3 3.19827907E-2
11.2025013 7.4997996E-3 3.14961486E-2 7.44909421E-3 2.5777597E-2
11.1850014 9.99998674E-3 1.62397884E-2 5.14993677E-3 1.97831392E-2
11.1650019 1.0000213E-2 1.77157316E-2 5.29175438E-3 1.82062238E-2
11.147501 7.49981869E-3 2.26377994E-2 6.65007252E-3 2.14672089E-2
11.1325006 7.50050135E-3 1.96832512E-2 6.33902894E-3 2.57554837E-2
11.1200008 5.0000106E-3 3.2479465E-2 9.22032911E-3 2.81945169E-2
11.1100006 4.99992305E-3 3.54327671E-2 9.5381178E-3 2.84072757E-2
11.0975008 7.49959378E-3 2.36227587E-2 6.70867646E-3 2.62864176E-2
11.085001 5.00048464E-3 3.69049832E-2 9.68422741E-3 2.25236248E-2
11.0725002 7.50002638E-3 2.95267459E-2 7.27734948E-3 1.87900178E-2
11.0600004 4.99971304E-3 3.69106792E-2 9.68572218E-3 1.66502912E-2
11.0500011 5.00006834E-3 3.10027674E-2 9.08705126E-3 1.64320972E-2
11.0375004 7.50012603E-3 2.65737176E-2 7.00763334E-3 1.78900734E-2
11.022501 7.4996138E-3 3.14969271E-2 7.44156539E-3 2.1543311E-2
11.0100012 5.00006555E-3 3.83844003E-2 9.80131049E-3 2.50921473E-2
11.000001 5.00029372E-3 3.98589037E-2 9.96237528E-3 2.73807533E-2
10.9900007 4.99991607E-3 4.42910194E-2 1.03706103E-2 2.78570503E-2
10.9800005 5.00009442E-3 5.46236373E-2 1.12410132E-2 2.66932249E-2
10.9700012 4.99966927E-3 5.31518459E-2 1.11287097E-2 2.43994445E-2
10.960001 5.00037521E-3 3.10008656E-2 9.08969156E-3 2.12851632E-2
10.9450006 9.99987964E-3 1.84545033E-2 5.37785934E-3 1.62885543E-2
10.9250011 1.00000901E-2 1.47632919E-2 4.99690929E-3 1.1302039E-2
10.897501 1.7500056E-2 8.43621604E-3 3.22509091E-3 8.87208153E-3
10.857501 2.24995129E-2 8.20208061E-3 2.82376143E-3 8.72703455E-3
10.8225012 1.25003289E-2 1.35819931E-2 4.31798073E-3 1.1527759E-2
10.8000011 9.9996645E-3 1.91930961E-2 5.44045027E-3 1.68241672E-2
10.7800016 1.00000938E-2 1.47632863E-2 4.99101449E-3 2.30457727E-2
10.7625008 7.50024291E-3 2.55891066E-2 6.93283789E-3 2.72774696E-2
10.7475014 7.49989692E-3 2.65745297E-2 7.02672312E-3 2.75549237E-2
10.732501 7.50001939E-3 3.14952247E-2 7.42886355E-3 2.43927278E-2
10.7175007 7.50005338E-3 2.26370897E-2 6.64034765E-3 1.97315291E-2
10.7000008 9.99972783E-3 1.47638274E-2 4.99504153E-3 1.57651864E-2
10.6825018 7.49997422E-3 1.96846351E-2 6.34273607E-3 1.51761472E-2
10.6650019 1.00000333E-2 1.6977882E-2 5.23626385E-3 1.76868215E-2
10.6475019 7.49996025E-3 2.06689034E-2 6.44558761E-3 2.0867737E-2
10.6325016 7.50003941E-3 2.65740249E-2 7.00854184E-3 2.23475732E-2
10.6175013 7.5000287E-3 2.46056151E-2 6.83601759E-3 2.21092962E-2
10.6000013 1.00000463E-2 1.62396915E-2 5.14990604E-3 2.04847492E-2
10.5825014 7.50019401E-3 2.06682608E-2 6.44859439E-3 1.88148431E-2
10.5700006 4.99996264E-3 3.24797779E-2 9.24476888E-3 1.83140878E-2
10.5550013 9.99994297E-3 1.84543859E-2 5.32844616E-3 1.89064071E-2
10.5375013 7.50006689E-3 2.16528308E-2 6.54337555E-3 2.07579602E-2
10.5200005 1.00002382E-2 1.69775337E-2 5.20896865E-3 2.27669459E-2
10.5025005 7.4996422E-3 2.06697807E-2 6.44370355E-3 2.37704311E-2
10.4850016 9.99987219E-3 1.84545163E-2 5.35565102E-3 2.29374878E-2
10.4675007 7.50030763E-3 2.75572632E-2 7.11281691E-3 2.04753894E-2
10.4500008 9.99989454E-3 1.62399393E-2 5.1556956E-3 1.83970798E-2
10.4325008 7.49994069E-3 1.96847226E-2 6.34495588E-3 1.65810883E-2
10.4175005 7.50030112E-3 2.26363428E-2 6.63000252E-3 1.57814641E-2
10.4000006 9.99958534E-3 1.99314505E-2 5.51228831E-3 1.61504783E-2
10.3825016 7.50025595E-3 2.26364788E-2 6.64016837E-3 1.71576887E-2
10.3650007 1.00000519E-2 1.69778503E-2 5.22982934E-3 1.76499821E-2
10.3475008 7.49970274E-3 2.16538813E-2 6.54422399E-3 1.67033225E-2
10.3325014 7.500045E-3 1.96844488E-2 6.33941498E-3 1.4679133E-2
10.3200006 5.00022853E-3 3.5430599E-2 9.53109562E-3 1.30961798E-2
10.3075008 7.50005897E-3 2.46055145E-2 6.83953892E-3 1.20250406E-2
10.2925014 7.49963569E-3 2.1654075E-2 6.536189E-3 1.19382534E-2
10.2750015 1.00002186E-2 1.77157223E-2 5.31040411E-3 1.45460013E-2
10.2575016 7.49980519E-3 2.06693318E-2 6.43689837E-3 2.03698725E-2
10.2450018 4.99997148E-3 5.16722798E-2 1.09994104E-2 2.58065332E-2
10.2375011 2.50010611E-3 6.49563074E-2 1.70353726E-2 2.88778711E-2
10.2300014 4.99993144E-3 3.98617946E-2 9.9482378E-3 3.11127808E-2
10.2200012 5.00020338E-3 6.93852752E-2 1.23474738E-2 3.16304155E-2
10.210001 4.99994494E-3 3.69089693E-2 9.68053471E-3 2.89082937E-2
10.2025013 2.50005443E-3 6.4957656E-2 1.70357246E-2 2.57817544E-2
10.1925011 7.49994768E-3 2.95270551E-2 7.29318196E-3 2.13397071E-2
10.1800013 4.99999942E-3 3.10031939E-2 9.03844647E-3 1.6392732E-2
10.1650009 9.9998517E-3 1.4763643E-2 5.01258299E-3 1.28891701E-2
10.1450014 1.00001236E-2 1.69777293E-2 5.23621682E-3 1.20142838E-2
10.1275005 7.50025222E-3 1.96839031E-2 6.3209692E-3 1.30896736E-2
10.1125011 7.49968272E-3 2.46067494E-2 6.79931883E-3 1.45291602E-2
10.0975008 7.49999844E-3 2.55899411E-2 6.93306373E-3 1.5649369E-2
10.0825014 7.50021264E-3 3.14944126E-2 7.43201608E-3 1.5260512E-2
10.0650005 9.99984797E-3 1.77163798E-2 5.30457823E-3 1.35477828E-2
10.0500011 5.00033097E-3 3.54298763E-2 9.54113994E-3 1.25533203E-2
10.0375004 7.49976886E-3 2.26379503E-2 6.61583571E-3 1.25435349E-2
10.022501 7.50006735E-3 2.65739262E-2 6.9846008E-3 1.32574895E-2
10.0100012 5.00010606E-3 3.10025327E-2 9.0804873E-3 1.42808724E-2
10.000001 4.99973586E-3 3.39576714E-2 9.39554349E-3 1.46848448E-2
9.99000072 5.00029651E-3 3.10013518E-2 9.08983406E-3 1.4980129E-2
9.97750092 7.49987038E-3 2.46061329E-2 6.84087723E-3 1.53644327E-2
9.96250057 7.49976328E-3 2.75592618E-2 7.10748509E-3 1.52355274E-2
9.9450016 1.00000827E-2 1.91922933E-2 5.42901456E-3 1.40506998E-2
9.92500114 1.00001534E-2 1.47631979E-2 5.00820763E-3 1.20795192E-2
9.90750122 7.49976514E-3 2.16537006E-2 6.54151384E-3 1.09102726E-2
9.8900013 1.0000282E-2 1.55011592E-2 5.06678177E-3 1.07459864E-2
9.87250042 7.49981729E-3 2.26378031E-2 6.64866064E-3 1.12941973E-2
9.85750103 7.49993511E-3 2.06689741E-2 6.43678708E-3 1.20188268E-2
9.84250164 7.49994768E-3 1.9684704E-2 6.34672819E-3 1.2683291E-2
9.82250118 1.25001725E-2 1.35821635E-2 4.34658118E-3 1.25875827E-2
9.80000114 1.0000091E-2 1.69777833E-2 5.23352716E-3 1.22283744E-2
9.77750111 1.24998773E-2 1.24013983E-2 4.24929941E-3 1.2232868E-2
9.75250053 1.25000514E-2 1.29917599E-2 4.31263167E-3 1.38234375E-2
9.7300005 1.00001991E-2 1.77157577E-2 5.29048871E-3 1.95349455E-2
9.71500111 4.99967206E-3 2.95287855E-2 8.93223286E-3 2.52231751E-2
9.7025013 7.4999067E-3 2.36217733E-2 6.74351817E-3 2.8888382E-2
9.69000149 5.00015495E-3 3.10022309E-2 9.09009203E-3 2.974285E-2
9.67750072 7.50002684E-3 2.55898442E-2 6.93089236E-3 2.66882684E-2
9.66500092 4.99998452E-3 2.95269396E-2 8.93341005E-3 2.20336989E-2
9.65000057 1.00002829E-2 1.47630069E-2 5.00615081E-3 1.70577019E-2
9.63000011 9.99988988E-3 1.77163053E-2 5.30603016E-3 1.30414544E-2
9.6050005 1.50000928E-2 1.03343334E-2 3.67838494E-3 1.10238809E-2
9.57250023 1.74999963E-2 9.70168132E-3 3.34821339E-3 1.0875809E-2
9.54000092 1.49998982E-2 1.13187023E-2 3.78108001E-3 1.21264178E-2
9.51250076 1.25001036E-2 1.47633022E-2 4.47419286E-3 1.39026502E-2
9.49000072 9.99959838E-3 1.47640174E-2 4.99777682E-3 1.72245856E-2
9.47000122 1.00001777E-2 2.06684265E-2 5.55073842E-3 1.98598243E-2
9.4525013 7.49982661E-3 2.36220267E-2 6.74359035E-3 2.08843425E-2
9.43750095 7.50002079E-3 2.26371884E-2 6.64416794E-3 2.05196757E-2
9.41750145 1.25002498E-2 1.29915541E-2 4.31404309E-3 1.77897606E-2
9.3900013 1.49998758E-2 1.1318719E-2 3.76538862E-3 1.54632144E-2
9.36750126 7.50012184E-3 1.96842477E-2 6.34658104E-3 1.81204528E-2
9.35250092 7.5000897E-3 2.26369817E-2 6.63666008E-3 2.57158E-2
9.24000072 0.104999885 8.45031291E-2 2.90565076E-3 8.51994008E-2
9.13250065 2.49994034E-3 8.85826647E-2 1.93265751E-2 0.10007634
9.12750053 2.50000716E-3 7.97222629E-2 1.85068641E-2 8.497563E-2
9.12250042 2.50006956E-3 5.90520576E-2 1.64023489E-2 7.07213953E-2
9.11750031 2.50012707E-3 6.4955771E-2 1.70352291E-2 5.79857975E-2
9.10750103 7.49988342E-3 2.16533598E-2 6.54791435E-3 3.86083573E-2
9.08750057 1.24998726E-2 1.4763576E-2 4.47963504E-3 1.8954346E-2
9.06750107 7.50015909E-3 1.9684149E-2 6.26408448E-3 1.3589575E-2
9.04500103 1.49998777E-2 1.23029547E-2 3.85766826E-3 1.37286084E-2
9.02000046 1.00001423E-2 1.8454019E-2 5.37224347E-3 1.31566375E-2
8.99250031 1.75000783E-2 8.85801576E-3 3.24225589E-3 1.27786631E-2
8.96500015 9.99988336E-3 1.55017767E-2 5.07278834E-3 1.37187559E-2
8.94250107 1.25001334E-2 1.35822063E-2 4.36689798E-3 1.26365982E-2
8.91500092 1.49997314E-2 1.03345821E-2 3.67632275E-3 1.13911536E-2
8.88250065 1.75001342E-2 9.70160495E-3 3.3415677E-3 1.16579486E-2
8.8475008 1.74998473E-2 1.13890264E-2 3.49803269E-3 1.16667775E-2
8.81750107 1.2499976E-2 1.24013014E-2 4.25566407E-3 1.1455331E-2
8.79000092 1.50002902E-2 1.08263018E-2 3.72480601E-3 1.08630368E-2
8.76250076 1.2499921E-2 1.29918959E-2 4.26165666E-3 1.12559106E-2
8.74000072 9.99999326E-3 1.77161209E-2 5.30785462E-3 1.2459212E-2
8.72000027 9.99997277E-3 1.69779845E-2 5.21949632E-3 1.26347924E-2
8.69250107 1.75001286E-2 9.70160868E-3 3.32885189E-3 1.20590124E-2
8.66250038 1.24997888E-2 1.29920337E-2 4.30809846E-3 1.16689103E-2
8.6400013 9.99999605E-3 1.47634316E-2 5.01095038E-3 1.13448855E-2
8.61750031 1.25002079E-2 1.24010704E-2 4.22962708E-3 1.0236416E-2
8.58750057 1.75000094E-2 8.85805022E-3 3.25999921E-3 9.83577967E-3
8.55500031 1.49998954E-2 1.03344694E-2 3.68124992E-3 1.00637963E-2
8.52750111 1.24998642E-2 1.35824978E-2 4.36780136E-3 9.58637986E-3
8.50000095 1.50000723E-2 1.03343474E-2 3.63848568E-3 8.84786621E-3
8.47500038 1.00001432E-2 1.84540171E-2 5.37224254E-3 9.94652417E-3
8.45500088 9.99973901E-3 1.47638097E-2 5.0146291E-3 1.59413461E-2
8.43750095 7.50002591E-3 2.3621399E-2 6.74598711E-3 2.77345087E-2
8.42500114 5.00011584E-3 4.72418629E-2 1.06295627E-2 4.01879027E-2
8.41500092 4.99982759E-3 4.4291798E-2 1.03524411E-2 5.02055325E-2
8.40500069 5.00017777E-3 5.46227284E-2 1.12443231E-2 5.20927794E-2
8.39500046 5.00014471E-3 4.13363911E-2 1.01061631E-2 4.438328E-2
8.38500118 4.99973213E-3 3.69105414E-2 9.68802907E-3 3.3896625E-2
8.36750126 1.25000328E-2 1.29917795E-2 4.31411806E-3 1.79573502E-2
8.33750057 1.75001323E-2 9.27979685E-3 3.3121251E-3 8.88728257E-3
8.30500126 1.49998013E-2 9.84241348E-3 3.63369938E-3 9.24165919E-3
8.2650013 2.50000022E-2 7.08644325E-3 2.56420067E-3 8.19191337E-3
8.2225008 1.75001137E-2 8.4361881E-3 3.19981854E-3 8.52981396E-3
8.19000053 1.5000022E-2 1.03343818E-2 3.68233141E-3 9.05066077E-3
8.1600008 1.50001282E-2 1.18106389E-2 3.81867937E-3 1.06389327E-2
8.13250065 1.24999471E-2 1.29918689E-2 4.29687975E-3 1.16394563E-2
8.10750103 1.25000011E-2 1.29918121E-2 4.28396044E-3 1.2700283E-2
8.08250046 1.24999741E-2 1.299184E-2 4.30634478E-3 1.51270498E-2
8.06000042 1.0000105E-2 1.77159235E-2 5.30779548E-3 1.68727562E-2
8.03750038 1.24999946E-2 1.35823563E-2 4.36298549E-3 1.59097165E-2
8.01250076 1.24998242E-2 1.29919965E-2 4.30808635E-3 1.44174946E-2
7.99000072 9.99994949E-3 1.55016743E-2 5.08375419E-3 1.44326203E-2
7.97000074 1.00000314E-2 1.47633785E-2 5.00983046E-3 1.40136257E-2
7.94500113 1.4999982E-2 1.27949836E-2 3.90400458E-3 1.35792876E-2
7.9175005 1.25002069E-2 1.41726537E-2 4.41400707E-3 1.37381312E-2
7.89750051 7.49995233E-3 1.96846928E-2 6.34672446E-3 1.67930331E-2
7.88000059 9.99994017E-3 1.84543896E-2 5.36899315E-3 2.47958489E-2
7.86250067 7.49989692E-3 2.85430122E-2 7.20649725E-3 3.83003764E-2
7.85000086 5.00004599E-3 4.13372107E-2 1.01063633E-2 4.80435006E-2
7.84250069 2.49997969E-3 6.2006887E-2 1.67232268E-2 5.14968671E-2
7.83500051 5.00013772E-3 5.31468615E-2 1.11258496E-2 4.93273437E-2
7.82500076 5.00003994E-3 4.13372591E-2 1.00976918E-2 4.26605567E-2
7.81500053 4.99989372E-3 3.39565985E-2 9.39524733E-3 3.49006839E-2
7.80250072 7.50000961E-3 2.06687674E-2 6.42849505E-3 2.70934254E-2
7.79000044 5.00004645E-3 2.95265745E-2 8.93156324E-3 2.28549372E-2
7.77500057 9.99996718E-3 2.21452098E-2 5.67760738E-3 2.32170243E-2
7.75750065 7.49996118E-3 2.95270011E-2 7.28541519E-3 2.83869263E-2
7.74500084 5.00012143E-3 3.39550525E-2 9.39481892E-3 3.04131825E-2
7.73250055 7.49998959E-3 3.05111203E-2 7.37136323E-3 2.68474389E-2
7.71250057 1.24998195E-2 1.2401456E-2 4.2111096E-3 2.05933116E-2
7.6850009 1.5000198E-2 1.1810584E-2 3.82451527E-3 1.58144161E-2
7.66000032 9.99997929E-3 1.47634549E-2 5.00829471E-3 1.42366821E-2
7.63500071 1.49998507E-2 9.84238088E-3 3.62083968E-3 1.36768576E-2
7.61000061 1.00001534E-2 1.55013585E-2 5.07523026E-3 1.33853406E-2
7.59000063 1.00000016E-2 1.47634223E-2 5.00828354E-3 1.37175359E-2
7.57000065 9.9999886E-3 1.62397865E-2 5.15564717E-3 1.43612092E-2
7.55000067 9.99983307E-3 1.6978221E-2 5.23556769E-3 1.38483746E-2
7.52750063 1.25000952E-2 1.18106501E-2 4.19137022E-3 1.3835229E-2
7.50250053 1.25000058E-2 1.18107339E-2 4.15686052E-3 1.63504835E-2
7.48250055 7.50007993E-3 2.36212276E-2 6.736557E-3 2.12367587E-2
7.46750069 7.4997968E-3 2.55906302E-2 6.92911539E-3 2.44390424E-2
7.45250082 7.50013581E-3 2.55894735E-2 6.93429215E-3 2.33477671E-2
7.43750048 7.50002405E-3 1.96845029E-2 6.32390985E-3 1.89716462E-2
7.4175005 1.25000644E-2 1.29917469E-2 4.31608688E-3 1.507618E-2
7.39000082 1.4999886E-2 1.13187116E-2 3.7674862E-3 1.33870998E-2
7.36500072 1.00000296E-2 1.84542276E-2 5.38041256E-3 1.28901461E-2
7.34250069 1.24999639E-2 1.1810774E-2 4.19078395E-3 1.35842031E-2
7.32000065 1.00000445E-2 1.55015271E-2 5.08998986E-3 1.59065388E-2
7.30250072 7.4999202E-3 2.46059708E-2 6.80889888E-3 1.79012083E-2
7.28750086 7.50003336E-3 1.96844786E-2 6.32208865E-3 1.75076015E-2
7.27000046 1.00000883E-2 1.91922821E-2 5.44021931E-3 1.57882217E-2
7.25250053 7.49997795E-3 2.06688549E-2 6.44557225E-3 1.50101511E-2
7.23250055 1.24999126E-2 1.24013629E-2 4.24086582E-3 1.57193616E-2
7.21000051 1.0000146E-2 1.47632081E-2 4.95237578E-3 1.57184191E-2
7.19000053 9.99991689E-3 1.55017255E-2 5.0753504E-3 1.65475104E-2
7.17000055 9.99996904E-3 1.55016435E-2 5.0753234E-3 1.94509774E-2
7.15000057 1.00000482E-2 1.77160241E-2 5.30007388E-3 1.93542801E-2
7.13000059 9.99990478E-3 1.84544567E-2 5.37599064E-3 1.93687975E-2
7.11250067 7.50019029E-3 2.36208793E-2 6.73425011E-3 2.34191585E-2
7.0975008 7.49982847E-3 2.65747719E-2 7.02333264E-3 2.68233996E-2
7.08250093 7.49999378E-3 2.06688121E-2 6.44340133E-3 2.50640605E-2
7.06250095 1.24999657E-2 1.41729265E-2 4.41409228E-3 1.86944939E-2
7.0350008 1.49999829E-2 1.13186389E-2 3.77513771E-3 1.44025236E-2
7.01000071 1.00001739E-2 1.69776436E-2 5.23348432E-3 1.31346257E-2
6.98750067 1.24999518E-2 1.47634819E-2 4.4840537E-3 1.25101032E-2
6.96000051 1.49999689E-2 1.18107647E-2 3.80211743E-3 1.19987046E-2
6.93250036 1.25001017E-2 1.29917087E-2 4.31063352E-3 1.23444544E-2
6.90250063 1.74998492E-2 9.2799468E-3 3.29930452E-3 1.26723442E-2
6.87250042 1.25001436E-2 1.2991664E-2 4.30776877E-3 1.24915531E-2
6.85000038 1.00000361E-2 1.69778764E-2 5.23355603E-3 1.23809734E-2
6.8300004 9.99981072E-3 1.47637036E-2 5.0063869E-3 1.24939643E-2
6.81000042 1.00001916E-2 1.77157708E-2 5.31041855E-3 1.34633994E-2
6.7925005 7.49991415E-3 2.26375107E-2 6.63681515E-3 1.61088221E-2
6.70750046 7.74999857E-2 8.86758193E-2 3.4582892E-3 8.1665881E-2
6.62750053 2.49993266E-3 0.11515782 2.15692371E-2 0.122369945
6.62250042 2.50016782E-3 9.44795758E-2 1.98488645E-2 0.104180239
6.61750031 2.4999727E-3 6.20070584E-2 1.67232733E-2 8.50907564E-2
6.60750055 7.49992812E-3 2.26374678E-2 6.64045848E-3 5.19124381E-2
6.59000063 1.0000024E-2 1.62397269E-2 5.1518539E-3 2.15986725E-2
6.56500053 1.49999438E-2 1.08265523E-2 3.72718158E-3 1.32802902E-2
6.53000069 2.00000089E-2 7.75079429E-3 2.92704511E-3 9.88435E-3
6.4975009 1.24999415E-2 1.24013349E-2 4.25567571E-3 1.00395828E-2
6.46750069 1.75001808E-2 1.0123386E-2 3.38561484E-3 9.93954111E-3
6.42750072 2.24998929E-2 7.21770898E-3 2.71308725E-3 9.76635236E-3
6.38250065 2.25000605E-2 7.21765542E-3 2.73191603E-3 9.48066544E-3
6.3300004 2.99999174E-2 5.41327056E-3 2.19662581E-3 9.03698336E-3
6.2850008 1.50000965E-2 9.84221976E-3 3.63199506E-3 8.98001529E-3
6.24750042 2.25000437E-2 7.87381083E-3 2.78754183E-3 9.85962618E-3
6.21000051 1.50000025E-2 1.08265094E-2 3.72765237E-3 1.38214277E-2
6.18750048 7.49980425E-3 2.06693336E-2 6.42383192E-3 2.78153438E-2
6.17250061 7.50011811E-3 2.55895332E-2 6.92167738E-3 3.56684737E-2
6.15750027 7.50016375E-3 1.96841359E-2 6.29463186E-3 2.68968437E-2
6.13750029 1.24999341E-2 1.24013424E-2 4.24927985E-3 1.29554989E-2
6.10250044 2.25000121E-2 6.56151865E-3 2.66268663E-3 7.57713802E-3
6.06000042 2.00000275E-2 7.38170231E-3 2.91259401E-3 6.99892314E-3
6.00500059 3.49998139E-2 4.21814388E-3 1.94815849E-3 5.1868204E-3
5.93250084 3.75000536E-2 4.13375301E-3 1.86866836E-3 3.67534091E-3
5.85000086 4.49998677E-2 3.28077073E-3 1.63081998E-3 4.03938722E-3
5.77000046 3.50001976E-2 4.21809778E-3 1.94405334E-3 3.67391296E-3
5.7050004 3.00000049E-2 4.92114108E-3 2.15509837E-3 4.46033012E-3
5.66500044 9.99987498E-3 1.47636095E-2 4.99112392E-3 7.50333676E-3
5.5425005 0.112500012 1.31230429E-3 9.13632626E-4 2.22734804E-3
5.32500076 0.105000056 1.40603969E-3 9.52452712E-4 2.23450176E-3
5.08250046 0.137500077 5.63694071E-3 1.02937582E-3 5.49469935E-3
4.82750034 0.117500022 1.25646137E-3 8.89249262E-4 1.94575335E-3
4.63750029 7.24999309E-2 2.03633634E-3 1.19238149E-3 1.72040937E-3
NO NO NO NO NO
19.5650024 1.91500044 7.70935876E-5 2.82538618E-4 6.11934738E-5
17.3425007 0.307499737 4.80111776E-4 7.17912801E-4 9.25934757E-4
16.9312515 0.103750408 1.4229751E-3 1.28597138E-3 2.01114011E-3
16.7700005 5.74996397E-2 2.5675681E-3 1.80627417E-3 3.03508458E-3
16.4087524 0.303749859 4.86038916E-4 7.22618075E-4 4.15127608E-4
15.9025021 0.202500343 7.29056774E-4 8.94306751E-4 7.84803589E-4
15.5900011 0.110000141 1.3421278E-3 1.24457665E-3 1.48482248E-3
15.388751 9.1250062E-2 1.61790848E-3 1.3822898E-3 3.50812543E-3
15.2762518 2.12495346E-2 6.94764592E-3 3.39853624E-3 5.45675075E-3
15.2350016 2.00001374E-2 7.75074493E-3 3.56278312E-3 8.47177766E-3
15.2000017 1.50001356E-2 9.84219369E-3 4.32110019E-3 6.97994838E-3
15.1487513 3.62498388E-2 4.07268712E-3 2.39460636E-3 3.28470301E-3
15.0837517 2.87500713E-2 5.13509149E-3 2.77625234E-3 4.29711118E-3
15.0375013 1.74999367E-2 8.85808654E-3 3.90835665E-3 1.47055564E-2
15.0062513 1.37503212E-2 1.23473033E-2 4.75828489E-3 2.50265915E-2
14.9862509 6.24979474E-3 2.36222558E-2 8.3605554E-3 2.67792717E-2
14.9725018 7.49979215E-3 2.75591556E-2 7.979705E-3 2.46463995E-2
14.9562511 8.75031017E-3 1.68718863E-2 6.44448958E-3 2.13286318E-2
14.9225016 2.49999128E-2 5.90539072E-3 3.03111621E-3 1.00250673E-2
14.7462511 0.15124999 9.76094219E-4 1.04546221E-3 1.59422879E-3
14.5400019 5.49999289E-2 2.81847548E-3 1.8594258E-3 2.12777569E-3
14.4012518 8.37498456E-2 1.76280027E-3 1.45054725E-3 2.23810063E-3
14.2725019 4.5000162E-2 3.28074931E-3 2.08748132E-3 2.50658114E-3
14.1912508 3.62502784E-2 4.27626958E-3 2.41108984E-3 5.13211405E-3
14.1037512 5.12499511E-2 2.88067083E-3 1.93277129E-3 2.74466001E-3
14.000001 5.25000021E-2 2.81208078E-3 1.90305116E-3 2.43547163E-3
13.8812513 6.62499517E-2 2.22844305E-3 1.65868853E-3 2.80079944E-3
13.6087513 0.206249759 1.0808629E-2 1.18019781E-3 8.16402957E-3
13.3900013 1.25002153E-2 1.2401063E-2 4.97281598E-3 9.30733047E-3
13.2850008 9.25000533E-2 1.59604498E-3 1.37115328E-3 2.17928528E-3
13.1362505 5.62500879E-2 2.62460462E-3 1.83008856E-3 2.52957782E-3
13.0150013 6.49996847E-2 2.27130717E-3 1.67725899E-3 2.45297793E-3
12.8900013 6.00000247E-2 2.46056984E-3 1.76222855E-3 3.58517724E-3
12.7887516 4.1250281E-2 3.57898767E-3 2.20257323E-3 3.96205671E-3
12.6925011 5.4999955E-2 2.68426118E-3 1.85367512E-3 2.97019864E-3
12.5987511 3.87498625E-2 3.80992936E-3 2.29582866E-3 2.956148E-3
12.5237513 3.62499431E-2 4.07267548E-3 2.38517951E-3 3.86484643E-3
12.4550009 3.25001664E-2 4.76969732E-3 2.57760496E-3 5.14827715E-3
12.3987513 2.37501636E-2 6.52694283E-3 3.18141072E-3 6.8728528E-3
12.3400011 3.50000337E-2 4.42902325E-3 2.45516072E-3 4.98367939E-3
12.2875004 1.74999665E-2 8.43625888E-3 3.88551503E-3 1.02137299E-2
12.2575006 1.2500111E-2 1.24011673E-2 4.97457525E-3 1.55628212E-2
12.2337513 1.12494314E-2 1.44360783E-2 5.47121186E-3 1.45994378E-2
12.2037516 1.87500231E-2 8.66119843E-3 3.76211805E-3 9.41592176E-3
12.1712513 1.37498667E-2 1.18108541E-2 4.66656964E-3 1.15617607E-2
12.1512518 6.25007227E-3 2.48022657E-2 8.49841628E-3 2.02244464E-2
12.1400013 5.00001479E-3 2.95267608E-2 1.00122262E-2 2.7016459E-2
12.1312513 3.75044439E-3 3.93644683E-2 1.26463622E-2 3.22803706E-2
12.1237507 3.75004788E-3 4.33054939E-2 1.30715771E-2 3.62460725E-2
12.116251 3.74964438E-3 3.93728688E-2 1.26222475E-2 3.85948122E-2
12.1087513 3.74993798E-3 4.92122285E-2 1.36817442E-2 3.85010429E-2
12.1025009 2.50042998E-3 6.79000765E-2 1.87534913E-2 3.70867066E-2
12.0962505 3.74993705E-3 4.92122434E-2 1.36601478E-2 3.48040126E-2
12.0887508 3.74950399E-3 4.33117747E-2 1.30712166E-2 3.12904008E-2
12.0800009 5.00052189E-3 3.3952333E-2 1.04030054E-2 2.62268633E-2
12.0675011 7.49996724E-3 1.96846519E-2 7.25969812E-3 1.85015928E-2
11.9950008 6.50000796E-2 2.2712932E-3 1.67911476E-3 4.06213198E-3
11.888751 4.1249603E-2 3.57904658E-3 2.20779865E-3 2.56606261E-3
11.8000011 4.75003347E-2 3.10806744E-3 2.02181702E-3 3.08533269E-3
11.7125006 4.00000252E-2 3.69085395E-3 2.24700337E-3 3.5362721E-3
11.6287508 4.37497832E-2 3.3745137E-3 2.12555961E-3 2.54673767E-3
11.5662518 1.87497735E-2 7.87392166E-3 3.68758873E-3 6.20455295E-3
11.5387506 8.75047036E-3 1.77151561E-2 6.53514965E-3 1.03537943E-2
11.5175009 1.24999415E-2 1.24013349E-2 4.97679971E-3 1.11697009E-2
11.4800005 2.50000916E-2 5.90534834E-3 3.03362543E-3 7.31619122E-3
11.4362507 1.87500361E-2 7.87381083E-3 3.68994265E-3 5.12521621E-3
11.3737507 4.37494628E-2 3.37453862E-3 2.12634192E-3 4.70593525E-3
11.3012514 2.87502632E-2 5.13505749E-3 2.7718239E-3 6.89250277E-3
11.2575016 1.49997855E-2 9.84242372E-3 4.30919649E-3 1.07170446E-2
11.2262516 1.62501484E-2 9.53935646E-3 4.10911255E-3 1.12389419E-2
11.1762505 3.37502547E-2 4.59303102E-3 2.51139118E-3 6.62522949E-3
11.125001 1.74999721E-2 9.2798816E-3 3.94639885E-3 8.86671711E-3
11.093751 1.37501052E-2 1.18106492E-2 4.66061523E-3 8.3510438E-3
11.0550003 2.49999333E-2 5.90538559E-3 3.03281308E-3 5.59319183E-3
11.0175009 1.24996789E-2 1.24015948E-2 4.9983263E-3 7.27803027E-3
10.9937515 1.12500731E-2 1.31229591E-2 5.3472179E-3 8.97259358E-3
10.968751 1.37502765E-2 1.07368203E-2 4.61006118E-3 7.68732838E-3
10.9212503 3.37500647E-2 4.37433971E-3 2.49886373E-3 3.69577995E-3
10.8600006 2.74998508E-2 5.36854751E-3 2.86180573E-3 2.90669571E-3
10.812501 2.00000722E-2 7.38168601E-3 3.51689337E-3 4.7874935E-3
10.7712507 2.12499499E-2 7.64226122E-3 3.46051482E-3 8.61161947E-3
10.7375011 1.24998465E-2 1.2401429E-2 5.00427E-3 8.78125802E-3
10.6937513 3.1249797E-2 4.72432654E-3 2.62778113E-3 5.56307705E-3
10.6462517 1.62501559E-2 9.08509735E-3 4.08970099E-3 7.06649851E-3
10.6100016 1.99999101E-2 7.75083248E-3 3.57789523E-3 6.90372428E-3
10.5600014 3.0000167E-2 4.92111454E-3 2.70389835E-3 6.16071234E-3
10.5100012 2.00001206E-2 7.38166785E-3 3.52610624E-3 7.71314651E-3
10.4700012 1.99999474E-2 7.38173211E-3 3.54813668E-3 6.95784297E-3
10.4212513 2.87497267E-2 5.13515295E-3 2.77476176E-3 5.09492913E-3
10.3637514 2.87503805E-2 5.13503654E-3 2.773338E-3 5.4044188E-3
10.3137503 2.12499555E-2 7.29488395E-3 3.4143799E-3 4.05221386E-3
10.2675009 2.4999667E-2 6.49599358E-3 3.08575155E-3 5.74397901E-3
10.2350016 7.50017725E-3 2.06683073E-2 7.33106118E-3 1.01346178E-2
10.2175007 1.0000024E-2 1.47633888E-2 5.81917679E-3 1.08589754E-2
10.2000008 7.49998586E-3 2.16530636E-2 7.40102353E-3 8.94570816E-3
10.170001 2.24999636E-2 6.56153262E-3 3.25477705E-3 5.40053472E-3
10.116251 3.12501751E-2 4.72426927E-3 2.6366841E-3 5.03274519E-3
10.0662508 1.87497586E-2 7.87392817E-3 3.69509403E-3 4.06816136E-3
10.031251 1.62501987E-2 9.08507314E-3 4.09146631E-3 3.50489561E-3
10.0012512 1.37498043E-2 1.07371891E-2 4.61214315E-3 3.94190429E-3
9.96625137 2.12502833E-2 6.94740145E-3 3.391037E-3 4.31920821E-3
9.90625095 3.87498364E-2 3.80993215E-3 2.28915806E-3 3.06063145E-3
9.82875061 3.87500934E-2 3.80990678E-3 2.29682866E-3 4.0381155E-3
9.75750065 3.24998386E-2 4.5426148E-3 2.5650349E-3 4.49023116E-3
9.71375084 1.12500982E-2 1.31229293E-2 5.32085961E-3 8.46261531E-3
9.68250084 1.99997872E-2 7.75087997E-3 3.56647326E-3 9.4399089E-3
9.62125111 4.12501171E-2 3.57900187E-3 2.20736023E-3 4.11453471E-3
9.53250122 4.75000478E-2 3.26349051E-3 2.03534774E-3 4.09774156E-3
9.45875072 2.62499508E-2 5.62417228E-3 2.93085305E-3 6.4243814E-3
9.41250134 2.00000685E-2 7.38168741E-3 3.5352183E-3 6.47731824E-3
9.37000084 2.25000214E-2 7.5457436E-3 3.33079393E-3 7.0623355E-3
9.23750114 0.109999932 3.03321462E-2 2.13547563E-3 3.25212963E-2
9.12250137 5.00013819E-3 3.10023371E-2 1.01579987E-2 3.05960383E-2
9.0975008 2.00000089E-2 7.75079429E-3 3.56398243E-3 1.15252435E-2
9.05500126 2.24998519E-2 6.56156521E-3 3.25968047E-3 5.2700853E-3
9.01250076 2.0000156E-2 7.75073795E-3 3.55357747E-3 4.88321669E-3
8.95875072 3.374983E-2 4.59308876E-3 2.52228021E-3 5.24681155E-3
8.8900013 3.50001007E-2 4.42901487E-3 2.46381457E-3 4.97259898E-3
8.83125114 2.37502065E-2 6.21612463E-3 3.14016407E-3 5.6059761E-3
8.78625107 2.12497879E-2 7.64231989E-3 3.44605371E-3 5.40149631E-3
8.73875046 2.62502115E-2 5.6241164E-3 2.95501389E-3 5.49478643E-3
8.68875027 2.37499028E-2 6.21620426E-3 3.15225776E-3 5.60572604E-3
8.64375114 2.1249976E-2 6.94750156E-3 3.38904792E-3 5.36607578E-3
8.60250092 1.99999325E-2 7.38173723E-3 3.53439292E-3 5.90750575E-3
8.55500031 2.75000781E-2 5.63692767E-3 2.88130785E-3 6.46281522E-3
8.5112505 1.62499864E-2 9.08519235E-3 4.06864611E-3 6.30169967E-3
8.4725008 2.24999487E-2 6.88961381E-3 3.29211634E-3 7.26944581E-3
8.44000053 9.99990478E-3 1.47635648E-2 5.83595317E-3 1.75597332E-2
8.42250061 7.49998307E-3 1.96846109E-2 7.24599091E-3 3.02321073E-2
8.4100008 5.00000827E-3 3.24794799E-2 1.03164408E-2 3.77923027E-2
8.39875126 6.25017006E-3 2.71639638E-2 8.74439161E-3 3.28458622E-2
8.38500118 7.49993278E-3 2.06689797E-2 7.36251473E-3 2.45269276E-2
8.35375118 2.37499997E-2 6.21617911E-3 3.14303511E-3 9.37337615E-3
8.30875111 2.12500095E-2 7.29486579E-3 3.41741624E-3 6.10010326E-3
8.26250076 2.49999762E-2 5.90537582E-3 3.03629623E-3 5.86524513E-3
8.21000099 2.75000911E-2 5.36850002E-3 2.8549456E-3 5.5647837E-3
8.1600008 2.25000978E-2 6.56149397E-3 3.25169833E-3 5.78851532E-3
8.11375046 2.3749996E-2 6.21618005E-3 3.14852246E-3 6.17083348E-3
8.06875038 2.12497953E-2 6.94756117E-3 3.37916217E-3 7.75257032E-3
8.02875042 1.87501945E-2 7.8737447E-3 3.69622139E-3 6.91238465E-3
7.98500061 2.49998067E-2 6.20068656E-3 3.06529761E-3 5.93204796E-3
7.93125057 2.87501086E-2 5.13508497E-3 2.76111998E-3 5.31483581E-3
7.88000059 2.25000922E-2 7.21764471E-3 3.30353156E-3 1.02604572E-2
7.85000086 7.4997684E-3 1.96851734E-2 7.27548217E-3 1.98131241E-2
7.83375072 8.75002425E-3 1.77160613E-2 6.540142E-3 2.00386215E-2
7.80875063 1.62502136E-2 9.53931827E-3 4.11373796E-3 1.17718065E-2
7.77500057 1.74997393E-2 8.85818712E-3 3.9139241E-3 9.08743031E-3
7.74375105 1.37501108E-2 1.23474915E-2 4.74927993E-3 1.18780276E-2
7.70500088 2.49999333E-2 5.90538559E-3 3.0379449E-3 7.60018639E-3
7.65750074 2.25001257E-2 6.56148512E-3 3.2665492E-3 5.38630271E-3
7.5975008 3.75000462E-2 4.13375394E-3 2.35656602E-3 4.61995834E-3
7.51250076 4.74998318E-2 3.1081005E-3 2.02107197E-3 5.05913328E-3
7.45250082 1.25000263E-2 1.18107153E-2 4.95618256E-3 7.30916113E-3
7.41500092 2.49999836E-2 6.20064232E-3 3.05421674E-3 5.12367673E-3
7.36250067 2.7500106E-2 5.90534741E-3 2.90513434E-3 5.12287952E-3
7.30625057 2.87500285E-2 5.64860925E-3 2.80779088E-3 6.69491664E-3
7.26000071 1.74999293E-2 8.85809027E-3 3.91548267E-3 6.09596865E-3
7.22750044 1.50001375E-2 9.84219275E-3 4.31788946E-3 6.10484416E-3
7.19000053 2.24998221E-2 6.88965246E-3 3.28043103E-3 6.159354E-3
7.15125084 1.62501466E-2 9.08510294E-3 4.08970285E-3 6.30283775E-3
7.11500072 1.99998338E-2 7.75086274E-3 3.55963409E-3 7.67332641E-3
7.07125092 2.37501897E-2 6.21612929E-3 3.14300996E-3 7.51661602E-3
7.01375055 3.37500125E-2 4.37434623E-3 2.50063743E-3 4.61050216E-3
6.94500065 3.499984E-2 4.21814062E-3 2.44324631E-3 5.15391678E-3
6.88750076 2.24999916E-2 6.56152423E-3 3.26163112E-3 5.79875568E-3
6.83375072 3.12499776E-2 4.72429907E-3 2.6283802E-3 5.5614179E-3
6.71375084 8.87500346E-2 2.91109663E-2 2.34940578E-3 3.01786717E-2
6.61875057 6.25007786E-3 2.71643642E-2 8.70003831E-3 3.83565761E-2
6.56875086 4.37499769E-2 3.37449904E-3 2.13357341E-3 7.31120072E-3
6.49875069 2.6250124E-2 6.18654909E-3 2.99789361E-3 4.04935982E-3
6.42500067 4.74999733E-2 3.10809119E-3 2.02396535E-3 4.10793163E-3
6.34750032 3.0000031E-2 4.92113642E-3 2.70519219E-3 3.88672831E-3
6.28500032 3.24999057E-2 4.54260549E-3 2.5644477E-3 4.21421928E-3
6.22875071 2.37500183E-2 6.21617399E-3 3.14851943E-3 4.91595501E-3
6.19125032 1.37501098E-2 1.12737985E-2 4.63772099E-3 1.22472234E-2
6.15125036 2.62499861E-2 5.62416483E-3 2.94373813E-3 1.13359438E-2
6.07125044 5.37498407E-2 2.74669193E-3 1.8781774E-3 3.43961641E-3
5.95000076 6.74999952E-2 2.29653297E-3 1.6455414E-3 2.42848368E-3
5.83250093 4.99999188E-2 3.10032419E-3 1.97181292E-3 2.77950172E-3
5.70750046 7.50002265E-2 1.96845061E-3 1.54292479E-3 3.08747892E-3
5.50250053 0.13000001 1.135648E-3 1.13553682E-3 1.45306601E-3
5.26250076 0.109999858 1.34213129E-3 1.24501903E-3 1.32640242E-3
5.00500059 0.147500202 3.05277179E-3 1.14419055E-3 2.86900182E-3
4.7437501 0.113750003 1.29788346E-3 1.22210558E-3 1.09871989E-3
